,a,b,c,d,e,f,g,h
a,0,17.5,64.5,40,64,96.5,94,94
b,17.5,0,47,57.5,81.5,102.5,76.5,76.5
c,64.5,47,0,104.5,128.5,161,94,90.75
d,40,57.5,104.5,0,24,56.5,135.5,130.5
e,64,81.5,128.5,24,0,32.5,136,149
f,96.5,102.5,161,56.5,32.5,0,153,140
g,94,76.5,94,135.5,136,153,0,53
h,94,76.5,90.75,130.5,149,140,53,0