CSV,New Windsor,Hammondsport,Newburgh,Lockport,Babylon,Oneonta,Seneca Falls,White Plains
New Windsor,0,69.8,20.4,25.8,79.2,73.2,17.1,47.6
Hammondsport,69.8,0,89.6,33.4,57.1,38.6,43.9,60.9
Newburgh,20.4,89.6,0,86.6,10.3,3.4,30.7,31.3
Lockport,25.8,33.4,86.6,0,8.7,88.8,25.1,82.6
Babylon,79.2,57.1,10.3,8.7,0,57.6,19.6,91.6
Oneonta,73.2,38.6,3.4,88.8,57.6,0,18.3,0.2
Seneca Falls,17.1,43.9,30.7,25.1,19.6,18.3,0,72.8
White Plains,47.6,60.9,31.3,82.6,91.6,0.2,72.8,0