CSV,Herkimer,Rochester,Johnstown,Lackawanna,Bronx,East Aurora,Binghamton,Rotterdam,Southampton,Brooklyn,Lockport,Glens Falls,Cohoes,Ithaca,Seneca Falls,Cheektowaga,Geneva,Huntington,Saratoga Springs,Babylon,Great Neck,Crown Point,Oneonta,Flushing,Syracuse,Jamestown,New Windsor,Troy,Hammondsport,East Hampton,Chautauqua,Gloversville,Bedford,Lake Placid,Yonkers,Palmyra,Manhattan,Clinton,Batavia,Massena,White Plains,Harlem,Oyster Bay,New Paltz,North Hempstead,Rye,Watkins Glen,Rensselaer,Potsdam
Herkimer,0,8495.7,170.5,389.6,5836.8,8243.6,7080.5,7990.2,6175.1,5454.2,8552.3,9511.6,1988.7,1303.9,5048.8,5748.7,7728.3,2709.2,4529.1,9453.3,5160.7,7238.0,6485.3,7411.4,1738.0,7521.4,3263.3,9196.9,7883.0,1690.7,7973.8,4557.2,7752.1,2826.3,6170.2,1760.1,4801.2,2547.9,1082.0,7505.8,8523.8,3207.5,4387.4,5797.2,7783.8,6315.0,7939.6,1960.0,9179.1
Rochester,8495.7,0,1285.9,9657.4,9413.2,7492.4,790.5,1170.0,481.7,8148.4,4567.6,8414.8,269.3,6844.0,6157.2,1170.8,6818.5,8835.2,1988.0,5205.9,9172.0,1770.4,8578.5,6289.4,9892.8,5466.9,9848.8,1351.3,6568.7,7283.8,2384.4,6440.3,3743.2,1513.5,8673.1,5007.2,160.8,5893.9,9667.4,4114.1,2507.3,8.7,8031.6,2613.3,6993.7,632.2,6640.3,6481.9,4286.3
Johnstown,170.5,1285.9,0,1389.0,5294.4,7452.7,4700.5,3595.7,1029.3,3621.7,484.3,6970.0,8229.9,4226.0,2127.2,795.3,9099.3,7907.9,7667.7,6312.1,5317.2,1578.2,7139.9,7617.5,663.1,1574.5,7151.8,5050.9,7093.2,3075.6,346.3,4964.2,6093.0,4012.9,1170.4,1975.3,1526.2,5573.4,3792.0,2074.2,8169.0,806.9,289.1,7740.7,5238.0,2030.4,8022.4,3965.0,7119.8
Lackawanna,389.6,9657.4,1389.0,0,7047.2,174.3,2652.1,841.8,3974.5,3100.2,638.8,2428.9,7924.0,1840.7,1251.3,7970.1,4328.1,7587.6,4951.1,313.2,7962.4,8261.1,1286.6,3232.2,2981.0,7468.5,4883.7,9376.2,1365.0,3559.1,6631.9,1166.3,166.3,5157.9,6816.2,6779.8,5741.1,8566.0,394.4,2117.3,8395.2,5660.2,8509.0,7242.2,6052.3,5440.7,844.9,3360.0,718.8
Bronx,5836.8,9413.2,5294.4,7047.2,0,3087.9,4013.6,4207.4,3149.2,9823.5,9302.7,5631.2,8264.6,1876.2,5572.7,3230.5,7472.9,6271.8,5359.1,2646.6,140.2,1477.3,4871.5,6398.3,4401.4,8150.7,8709.9,1796.4,3269.3,6205.0,492.0,920.8,4626.8,3789.2,5455.0,8951.9,5601.5,7967.4,7969.1,3838.1,4509.3,1100.4,84.8,1469.3,2489.9,9453.1,7429.5,6811.9,899.1
East Aurora,8243.6,7492.4,7452.7,174.3,3087.9,0,6836.8,5621.3,5329.2,8351.1,9771.1,2334.9,8141.8,8840.4,7178.4,7301.7,7042.6,7274.1,3131.2,1813.6,9397.2,1181.6,8960.7,9901.5,2431.5,3777.1,6770.3,2070.3,6678.8,5733.0,7807.9,3184.4,9633.5,5659.8,9537.3,7158.6,8745.4,1637.9,4179.8,2686.5,6217.9,2833.7,1937.4,2026.9,4247.2,3676.9,5812.4,4661.8,3649.6
Binghamton,7080.5,790.5,4700.5,2652.1,4013.6,6836.8,0,1365.2,9835.5,6939.2,7889.6,3395.5,2907.5,2351.2,295.5,4116.6,8553.5,701.9,7947.1,741.6,2085.1,3110.2,5762.8,7781.4,7809.3,9824.6,5871.5,1197.2,8191.4,2319.2,368.2,5317.6,321.0,3366.3,9738.9,4651.0,4029.5,5339.8,589.6,9619.6,1145.7,2761.1,4001.7,9555.7,1699.0,1345.3,2284.8,3521.6,9140.2
Rotterdam,7990.2,1170.0,3595.7,841.8,4207.4,5621.3,1365.2,0,3518.8,3745.4,2368.9,5010.4,955.8,5108.7,7803.4,1521.8,8957.4,5336.9,4726.2,806.4,4912.7,3267.1,1328.5,912.4,7606.7,6621.6,9514.9,3674.0,9732.2,3508.6,4928.6,5094.3,9871.2,633.1,1272.6,5208.5,780.3,4157.5,2580.4,156.4,4648.5,9340.7,1044.2,9760.9,5827.2,628.8,4748.7,7301.0,9747.8
Southampton,6175.1,481.7,1029.3,3974.5,3149.2,5329.2,9835.5,3518.8,0,8871.6,5419.9,7133.8,9064.3,3873.4,559.1,1706.7,5030.5,6654.1,1434.5,1727.2,9265.1,5585.9,7764.5,2057.1,651.5,7300.4,6886.2,7160.5,9816.8,5507.3,1153.8,7063.3,8605.9,5416.4,3009.8,3999.6,4760.0,6829.0,7827.8,8324.9,7928.3,9130.9,5162.6,9580.3,4985.8,8750.5,4124.3,7753.6,3706.7
Brooklyn,5454.2,8148.4,3621.7,3100.2,9823.5,8351.1,6939.2,3745.4,8871.6,0,612.6,8084.7,3882.1,4509.0,6240.0,4954.4,738.2,6686.8,5775.1,7931.1,2691.7,5797.4,2832.8,9785.0,4520.0,5454.8,2839.9,9896.4,3717.0,5286.0,5231.1,7334.1,3675.4,6962.1,1847.3,1689.0,6564.4,1672.7,7617.1,918.4,75.4,1882.2,1701.0,4826.0,6455.6,6666.7,671.6,636.7,8822.0
Lockport,8552.3,4567.6,484.3,638.8,9302.7,9771.1,7889.6,2368.9,5419.9,612.6,0,5604.7,4112.4,3973.9,9771.3,7847.9,4779.8,6569.4,7951.6,3607.0,6734.7,2282.7,7763.6,5394.2,7138.5,5635.4,4187.8,475.9,9181.6,7578.0,7293.5,9596.7,2975.2,2375.9,4457.2,4075.1,5228.6,8361.3,9242.8,4162.2,4797.7,3702.7,8048.9,7381.5,1959.9,1702.6,3022.9,3702.4,7144.3
Glens Falls,9511.6,8414.8,6970.0,2428.9,5631.2,2334.9,3395.5,5010.4,7133.8,8084.7,5604.7,0,1017.4,8706.7,6440.8,1923.4,2037.4,8666.8,5642.4,6302.8,6351.3,9840.0,9651.2,3850.6,5890.8,5417.6,4425.1,3958.1,5011.8,4723.3,5318.6,3988.5,8597.3,5942.3,7399.7,3600.5,530.6,7204.4,6370.9,4158.6,5894.7,3643.6,2576.2,8597.4,6162.0,5579.8,2949.8,8849.7,6727.3
Cohoes,1988.7,269.3,8229.9,7924.0,8264.6,8141.8,2907.5,955.8,9064.3,3882.1,4112.4,1017.4,0,4708.1,3204.0,5328.8,5540.5,6753.2,3169.3,8166.9,9719.6,5380.4,2357.0,5240.6,2657.5,4716.1,4405.6,6332.8,8031.0,7984.9,6052.8,6139.7,7361.7,1065.5,9714.4,1172.1,6234.9,3193.5,7894.8,6307.0,7020.2,7714.3,7458.2,9196.1,967.7,6434.2,1838.1,5618.6,7065.4
Ithaca,1303.9,6844.0,4226.0,1840.7,1876.2,8840.4,2351.2,5108.7,3873.4,4509.0,3973.9,8706.7,4708.1,0,2527.5,4599.7,96.9,4475.1,8042.2,6339.9,9064.9,8471.4,3707.1,4185.8,3758.1,1550.7,160.5,3902.3,5331.9,5410.5,3158.1,21.7,6325.6,2719.7,810.8,4048.3,7546.0,6069.0,6278.1,6123.1,9609.1,9935.2,1219.1,2205.0,4291.8,8215.2,8374.9,7971.9,3703.0
Seneca Falls,5048.8,6157.2,2127.2,1251.3,5572.7,7178.4,295.5,7803.4,559.1,6240.0,9771.3,6440.8,3204.0,2527.5,0,2057.3,4192.2,447.3,1033.2,8842.8,7073.3,6607.4,6323.3,7321.1,6137.8,3949.4,8495.2,4899.6,4573.3,6751.6,2209.5,8642.5,1532.4,8824.4,5697.3,6639.8,9234.8,5809.8,24.7,4382.6,7305.4,5720.8,8371.3,1892.3,4731.3,6463.9,8793.0,2276.0,63.9
Cheektowaga,5748.7,1170.8,795.3,7970.1,3230.5,7301.7,4116.6,1521.8,1706.7,4954.4,7847.9,1923.4,5328.8,4599.7,2057.3,0,8313.1,9985.9,9453.8,6628.6,7487.9,8501.9,5992.9,4465.6,4587.4,6916.4,6772.2,7202.0,2202.0,6841.4,9056.0,582.4,4404.6,5416.9,8653.5,9205.1,1442.8,7088.9,7364.4,249.9,2167.2,2126.2,221.6,9829.5,2391.5,3987.0,9411.3,7376.2,9475.8
Geneva,7728.3,6818.5,9099.3,4328.1,7472.9,7042.6,8553.5,8957.4,5030.5,738.2,4779.8,2037.4,5540.5,96.9,4192.2,8313.1,0,424.8,2966.0,6254.9,1120.5,4038.5,5442.1,2297.2,5574.7,9283.2,2408.4,273.8,6256.1,2055.0,5075.5,9.1,3980.7,6777.1,2017.7,6317.3,4463.9,4320.6,2742.2,9528.3,9803.7,1389.8,4288.6,12.3,8244.1,4427.0,1468.2,4549.8,7428.5
Huntington,2709.2,8835.2,7907.9,7587.6,6271.8,7274.1,701.9,5336.9,6654.1,6686.8,6569.4,8666.8,6753.2,4475.1,447.3,9985.9,424.8,0,87.4,3493.8,9713.7,3809.7,6223.3,1171.9,6179.8,530.7,1024.7,3672.9,6208.1,2312.4,663.3,7199.6,6567.1,9505.4,1663.6,2816.2,3632.3,3251.1,6038.0,1128.3,3977.8,8766.7,4356.6,9118.7,8363.2,5109.8,483.1,8082.3,1113.8
Saratoga Springs,4529.1,1988.0,7667.7,4951.1,5359.1,3131.2,7947.1,4726.2,1434.5,5775.1,7951.6,5642.4,3169.3,8042.2,1033.2,9453.8,2966.0,87.4,0,5626.0,2284.9,262.0,5795.1,3057.6,4247.4,5207.8,5846.7,2957.4,3816.8,7218.8,910.0,2140.7,6521.9,7968.4,7987.3,687.2,971.6,1748.4,3030.8,8489.3,1583.1,3130.6,3516.5,9606.0,7537.1,883.4,4370.4,1008.7,4124.2
Babylon,9453.3,5205.9,6312.1,313.2,2646.6,1813.6,741.6,806.4,1727.2,7931.1,3607.0,6302.8,8166.9,6339.9,8842.8,6628.6,6254.9,3493.8,5626.0,0,3593.2,8066.7,9466.2,9340.9,5036.6,6173.8,7667.0,719.8,908.9,264.7,3248.4,8600.7,4951.2,5100.1,3775.5,2072.0,3403.3,1964.0,814.4,9302.5,8619.8,1130.1,2792.1,2598.6,3476.2,1158.2,6912.6,8051.2,6148.3
Great Neck,5160.7,9172.0,5317.2,7962.4,140.2,9397.2,2085.1,4912.7,9265.1,2691.7,6734.7,6351.3,9719.6,9064.9,7073.3,7487.9,1120.5,9713.7,2284.9,3593.2,0,6399.9,7208.2,3224.4,4937.2,7450.5,8062.2,217.3,8146.9,2646.3,436.5,6599.2,9307.8,2545.5,774.8,5320.7,7173.4,6823.9,4329.5,6751.2,6158.5,8418.7,7751.8,3985.3,6014.6,4081.8,1818.7,545.6,3096.5
Crown Point,7238.0,1770.4,1578.2,8261.1,1477.3,1181.6,3110.2,3267.1,5585.9,5797.4,2282.7,9840.0,5380.4,8471.4,6607.4,8501.9,4038.5,3809.7,262.0,8066.7,6399.9,0,7448.6,815.6,3532.0,7150.2,9418.7,4388.0,6072.7,101.6,8459.0,2089.4,6861.3,4660.8,9161.3,4920.1,422.7,8707.1,93.3,1963.0,5131.3,9668.0,6730.3,2257.1,7544.8,5420.6,8144.7,1341.6,4972.5
Oneonta,6485.3,8578.5,7139.9,1286.6,4871.5,8960.7,5762.8,1328.5,7764.5,2832.8,7763.6,9651.2,2357.0,3707.1,6323.3,5992.9,5442.1,6223.3,5795.1,9466.2,7208.2,7448.6,0,6726.8,9142.0,4461.9,4271.0,1561.0,9357.6,4435.8,4350.1,9060.5,7111.3,768.8,9778.2,2523.7,9793.6,3213.3,5664.2,9743.9,7996.6,9961.2,9602.8,8044.6,7078.5,9994.1,2317.5,5491.8,4812.2
Flushing,7411.4,6289.4,7617.5,3232.2,6398.3,9901.5,7781.4,912.4,2057.1,9785.0,5394.2,3850.6,5240.6,4185.8,7321.1,4465.6,2297.2,1171.9,3057.6,9340.9,3224.4,815.6,6726.8,0,9330.7,4685.3,7178.1,3199.4,905.9,2218.5,8280.3,5260.9,8381.1,7654.8,834.3,3139.7,9052.2,3002.4,2277.7,9648.5,392.2,8446.4,2462.3,6197.9,1837.7,2871.9,1065.4,7647.8,3925.8
Syracuse,1738.0,9892.8,663.1,2981.0,4401.4,2431.5,7809.3,7606.7,651.5,4520.0,7138.5,5890.8,2657.5,3758.1,6137.8,4587.4,5574.7,6179.8,4247.4,5036.6,4937.2,3532.0,9142.0,9330.7,0,1283.5,727.1,6967.9,4639.3,4754.6,2911.8,7871.8,5995.7,556.2,4348.9,6497.2,5349.8,4950.8,7966.5,714.0,7398.1,5458.2,9415.1,3904.4,6047.5,1359.2,973.0,4718.2,976.2
Jamestown,7521.4,5466.9,1574.5,7468.5,8150.7,3777.1,9824.6,6621.6,7300.4,5454.8,5635.4,5417.6,4716.1,1550.7,3949.4,6916.4,9283.2,530.7,5207.8,6173.8,7450.5,7150.2,4461.9,4685.3,1283.5,0,2662.1,4137.0,4369.5,2233.5,2096.6,3639.9,2101.8,3304.5,2130.4,8895.8,6809.2,7353.1,4702.6,5049.8,6950.5,7956.7,8876.8,4805.9,7890.5,8069.4,3943.7,3313.6,2816.4
New Windsor,3263.3,9848.8,7151.8,4883.7,8709.9,6770.3,5871.5,9514.9,6886.2,2839.9,4187.8,4425.1,4405.6,160.5,8495.2,6772.2,2408.4,1024.7,5846.7,7667.0,8062.2,9418.7,4271.0,7178.1,727.1,2662.1,0,4467.4,4679.6,4584.8,1401.0,234.4,4105.2,5360.4,5810.7,5508.8,7970.5,700.7,3327.8,4319.6,4573.7,1857.3,8612.3,7461.1,5280.0,4969.5,2227.5,2573.6,9359.7
Troy,9196.9,1351.3,5050.9,9376.2,1796.4,2070.3,1197.2,3674.0,7160.5,9896.4,475.9,3958.1,6332.8,3902.3,4899.6,7202.0,273.8,3672.9,2957.4,719.8,217.3,4388.0,1561.0,3199.4,6967.9,4137.0,4467.4,0,6664.9,6978.3,6242.0,9149.5,346.2,5555.4,6882.3,8540.2,3403.0,6779.1,8686.2,3283.7,5138.9,3939.7,7790.0,8195.4,6205.9,6640.8,7384.7,1080.2,9082.7
Hammondsport,7883.0,6568.7,7093.2,1365.0,3269.3,6678.8,8191.4,9732.2,9816.8,3717.0,9181.6,5011.8,8031.0,5331.9,4573.3,2202.0,6256.1,6208.1,3816.8,908.9,8146.9,6072.7,9357.6,905.9,4639.3,4369.5,4679.6,6664.9,0,3622.4,5697.8,5193.1,9156.6,45.7,732.1,8831.4,4586.0,6562.9,9421.1,9698.2,3858.1,6376.5,3058.4,1420.3,5813.5,8692.5,6103.1,5611.4,372.6
East Hampton,1690.7,7283.8,3075.6,3559.1,6205.0,5733.0,2319.2,3508.6,5507.3,5286.0,7578.0,4723.3,7984.9,5410.5,6751.6,6841.4,2055.0,2312.4,7218.8,264.7,2646.3,101.6,4435.8,2218.5,4754.6,2233.5,4584.8,6978.3,3622.4,0,7412.5,5379.8,6715.4,9745.0,8265.9,3198.7,3635.3,1553.6,3352.6,3772.9,7738.4,9018.9,887.4,1154.8,266.7,3580.2,4433.5,1980.2,6449.5
Chautauqua,7973.8,2384.4,346.3,6631.9,492.0,7807.9,368.2,4928.6,1153.8,5231.1,7293.5,5318.6,6052.8,3158.1,2209.5,9056.0,5075.5,663.3,910.0,3248.4,436.5,8459.0,4350.1,8280.3,2911.8,2096.6,1401.0,6242.0,5697.8,7412.5,0,6648.8,2015.9,2752.1,5740.7,3963.5,7484.0,4980.8,2294.5,1346.4,1571.7,8299.8,7178.9,9323.2,8672.2,2000.4,3689.3,2847.2,2448.9
Gloversville,4557.2,6440.3,4964.2,1166.3,920.8,3184.4,5317.6,5094.3,7063.3,7334.1,9596.7,3988.5,6139.7,21.7,8642.5,582.4,9.1,7199.6,2140.7,8600.7,6599.2,2089.4,9060.5,5260.9,7871.8,3639.9,234.4,9149.5,5193.1,5379.8,6648.8,0,8144.4,4680.3,5839.7,1801.1,7033.3,8229.0,5821.9,4541.9,4595.1,9236.5,4588.7,8382.4,4947.1,5428.2,5591.3,8749.2,8707.9
Bedford,7752.1,3743.2,6093.0,166.3,4626.8,9633.5,321.0,9871.2,8605.9,3675.4,2975.2,8597.3,7361.7,6325.6,1532.4,4404.6,3980.7,6567.1,6521.9,4951.2,9307.8,6861.3,7111.3,8381.1,5995.7,2101.8,4105.2,346.2,9156.6,6715.4,2015.9,8144.4,0,221.0,8083.7,8816.1,9485.6,6928.9,3334.4,4639.4,5010.9,885.6,8191.1,7655.9,1977.2,6221.9,9425.4,2018.9,7660.3
Lake Placid,2826.3,1513.5,4012.9,5157.9,3789.2,5659.8,3366.3,633.1,5416.4,6962.1,2375.9,5942.3,1065.5,2719.7,8824.4,5416.9,6777.1,9505.4,7968.4,5100.1,2545.5,4660.8,768.8,7654.8,556.2,3304.5,5360.4,5555.4,45.7,9745.0,2752.1,4680.3,221.0,0,2858.3,6892.5,9960.9,5436.4,9110.6,246.2,5790.3,3683.3,9896.5,3798.1,4560.1,8672.4,7295.0,2715.6,6624.5
Yonkers,6170.2,8673.1,1170.4,6816.2,5455.0,9537.3,9738.9,1272.6,3009.8,1847.3,4457.2,7399.7,9714.4,810.8,5697.3,8653.5,2017.7,1663.6,7987.3,3775.5,774.8,9161.3,9778.2,834.3,4348.9,2130.4,5810.7,6882.3,732.1,8265.9,5740.7,5839.7,8083.7,2858.3,0,9751.3,3451.4,675.5,3458.7,9165.1,2363.6,9799.8,3287.8,8201.7,1864.6,3013.1,9497.6,5772.8,2920.9
Palmyra,1760.1,5007.2,1975.3,6779.8,8951.9,7158.6,4651.0,5208.5,3999.6,1689.0,4075.1,3600.5,1172.1,4048.3,6639.8,9205.1,6317.3,2816.2,687.2,2072.0,5320.7,4920.1,2523.7,3139.7,6497.2,8895.8,5508.8,8540.2,8831.4,3198.7,3963.5,1801.1,8816.1,6892.5,9751.3,0,9805.3,1539.2,34.7,967.9,3515.8,7315.5,700.1,5972.4,6945.5,1632.6,6226.5,6553.1,4869.1
Manhattan,4801.2,160.8,1526.2,5741.1,5601.5,8745.4,4029.5,780.3,4760.0,6564.4,5228.6,530.6,6234.9,7546.0,9234.8,1442.8,4463.9,3632.3,971.6,3403.3,7173.4,422.7,9793.6,9052.2,5349.8,6809.2,7970.5,3403.0,4586.0,3635.3,7484.0,7033.3,9485.6,9960.9,3451.4,9805.3,0,1082.9,1869.6,226.8,3458.3,3368.9,5289.0,5328.4,6890.1,5668.5,7235.6,5607.2,5848.5
Clinton,2547.9,5893.9,5573.4,8566.0,7967.4,1637.9,5339.8,4157.5,6829.0,1672.7,8361.3,7204.4,3193.5,6069.0,5809.8,7088.9,4320.6,3251.1,1748.4,1964.0,6823.9,8707.1,3213.3,3002.4,4950.8,7353.1,700.7,6779.1,6562.9,1553.6,4980.8,8229.0,6928.9,5436.4,675.5,1539.2,1082.9,0,1918.2,7588.5,5114.0,438.3,7547.4,4865.2,464.2,7733.0,3984.5,8137.6,5435.3
Batavia,1082.0,9667.4,3792.0,394.4,7969.1,4179.8,589.6,2580.4,7827.8,7617.1,9242.8,6370.9,7894.8,6278.1,24.7,7364.4,2742.2,6038.0,3030.8,814.4,4329.5,93.3,5664.2,2277.7,7966.5,4702.6,3327.8,8686.2,9421.1,3352.6,2294.5,5821.9,3334.4,9110.6,3458.7,34.7,1869.6,1918.2,0,602.2,8426.1,3863.1,6994.7,6964.2,7148.7,1975.7,7666.8,773.8,9494.4
Massena,7505.8,4114.1,2074.2,2117.3,3838.1,2686.5,9619.6,156.4,8324.9,918.4,4162.2,4158.6,6307.0,6123.1,4382.6,249.9,9528.3,1128.3,8489.3,9302.5,6751.2,1963.0,9743.9,9648.5,714.0,5049.8,4319.6,3283.7,9698.2,3772.9,1346.4,4541.9,4639.4,246.2,9165.1,967.9,226.8,7588.5,602.2,0,2187.1,295.4,7971.7,14.0,4385.8,2982.6,8566.8,4033.4,9981.6
White Plains,8523.8,2507.3,8169.0,8395.2,4509.3,6217.9,1145.7,4648.5,7928.3,75.4,4797.7,5894.7,7020.2,9609.1,7305.4,2167.2,9803.7,3977.8,1583.1,8619.8,6158.5,5131.3,7996.6,392.2,7398.1,6950.5,4573.7,5138.9,3858.1,7738.4,1571.7,4595.1,5010.9,5790.3,2363.6,3515.8,3458.3,5114.0,8426.1,2187.1,0,8091.5,9191.9,7535.4,1922.9,369.1,3696.7,3969.0,67.0
Harlem,3207.5,8.7,806.9,5660.2,1100.4,2833.7,2761.1,9340.7,9130.9,1882.2,3702.7,3643.6,7714.3,9935.2,5720.8,2126.2,1389.8,8766.7,3130.6,1130.1,8418.7,9668.0,9961.2,8446.4,5458.2,7956.7,1857.3,3939.7,6376.5,9018.9,8299.8,9236.5,885.6,3683.3,9799.8,7315.5,3368.9,438.3,3863.1,295.4,8091.5,0,5873.1,1461.8,1062.9,6323.6,2846.2,7505.9,5665.9
Oyster Bay,4387.4,8031.6,289.1,8509.0,84.8,1937.4,4001.7,1044.2,5162.6,1701.0,8048.9,2576.2,7458.2,1219.1,8371.3,221.6,4288.6,4356.6,3516.5,2792.1,7751.8,6730.3,9602.8,2462.3,9415.1,8876.8,8612.3,7790.0,3058.4,887.4,7178.9,4588.7,8191.1,9896.5,3287.8,700.1,5289.0,7547.4,6994.7,7971.7,9191.9,5873.1,0,2129.3,9722.5,3027.3,4268.3,3312.4,2773.7
New Paltz,5797.2,2613.3,7740.7,7242.2,1469.3,2026.9,9555.7,9760.9,9580.3,4826.0,7381.5,8597.4,9196.1,2205.0,1892.3,9829.5,12.3,9118.7,9606.0,2598.6,3985.3,2257.1,8044.6,6197.9,3904.4,4805.9,7461.1,8195.4,1420.3,1154.8,9323.2,8382.4,7655.9,3798.1,8201.7,5972.4,5328.4,4865.2,6964.2,14.0,7535.4,1461.8,2129.3,0,442.8,1783.3,1524.9,1571.5,9004.2
North Hempstead,7783.8,6993.7,5238.0,6052.3,2489.9,4247.2,1699.0,5827.2,4985.8,6455.6,1959.9,6162.0,967.7,4291.8,4731.3,2391.5,8244.1,8363.2,7537.1,3476.2,6014.6,7544.8,7078.5,1837.7,6047.5,7890.5,5280.0,6205.9,5813.5,266.7,8672.2,4947.1,1977.2,4560.1,1864.6,6945.5,6890.1,464.2,7148.7,4385.8,1922.9,1062.9,9722.5,442.8,0,4350.0,400.1,9731.4,2226.5
Rye,6315.0,632.2,2030.4,5440.7,9453.1,3676.9,1345.3,628.8,8750.5,6666.7,1702.6,5579.8,6434.2,8215.2,6463.9,3987.0,4427.0,5109.8,883.4,1158.2,4081.8,5420.6,9994.1,2871.9,1359.2,8069.4,4969.5,6640.8,8692.5,3580.2,2000.4,5428.2,6221.9,8672.4,3013.1,1632.6,5668.5,7733.0,1975.7,2982.6,369.1,6323.6,3027.3,1783.3,4350.0,0,6656.2,517.2,9981.5
Watkins Glen,7939.6,6640.3,8022.4,844.9,7429.5,5812.4,2284.8,4748.7,4124.3,671.6,3022.9,2949.8,1838.1,8374.9,8793.0,9411.3,1468.2,483.1,4370.4,6912.6,1818.7,8144.7,2317.5,1065.4,973.0,3943.7,2227.5,7384.7,6103.1,4433.5,3689.3,5591.3,9425.4,7295.0,9497.6,6226.5,7235.6,3984.5,7666.8,8566.8,3696.7,2846.2,4268.3,1524.9,400.1,6656.2,0,5460.4,9590.1
Rensselaer,1960.0,6481.9,3965.0,3360.0,6811.9,4661.8,3521.6,7301.0,7753.6,636.7,3702.4,8849.7,5618.6,7971.9,2276.0,7376.2,4549.8,8082.3,1008.7,8051.2,545.6,1341.6,5491.8,7647.8,4718.2,3313.6,2573.6,1080.2,5611.4,1980.2,2847.2,8749.2,2018.9,2715.6,5772.8,6553.1,5607.2,8137.6,773.8,4033.4,3969.0,7505.9,3312.4,1571.5,9731.4,517.2,5460.4,0,3935.6
Potsdam,9179.1,4286.3,7119.8,718.8,899.1,3649.6,9140.2,9747.8,3706.7,8822.0,7144.3,6727.3,7065.4,3703.0,63.9,9475.8,7428.5,1113.8,4124.2,6148.3,3096.5,4972.5,4812.2,3925.8,976.2,2816.4,9359.7,9082.7,372.6,6449.5,2448.9,8707.9,7660.3,6624.5,2920.9,4869.1,5848.5,5435.3,9494.4,9981.6,67.0,5665.9,2773.7,9004.2,2226.5,9981.5,9590.1,3935.6,0