CSV,Poughkeepsie,Woodstock,Kingston,Oswego,Plattsburgh,Bronx,Ilion,Lake Placid,Jamestown
Poughkeepsie,0,17.3,21.5,49.9,24.0,26.7,67.5,46.9,54.3
Woodstock,17.3,0,16.3,0.6,8.7,91.2,15.9,33.0,16.5
Kingston,21.5,16.3,0,7.5,14.6,54.7,75.7,65.9,1.2
Oswego,49.9,0.6,7.5,0,15.5,56.3,8.5,47.4,11.8
Plattsburgh,24.0,8.7,14.6,15.5,0,44.6,80.8,69.0,3.2
Bronx,26.7,91.2,54.7,56.3,44.6,0,57.9,72.7,75.1
Ilion,67.5,15.9,75.7,8.5,80.8,57.9,0,7.0,34.2
Lake Placid,46.9,33.0,65.9,47.4,69.0,72.7,7.0,0,4.9
Jamestown,54.3,16.5,1.2,11.8,3.2,75.1,34.2,4.9,0