CSV,Rochester,Manhattan,Tarrytown,Watervliet,Seneca Falls,Rotterdam
Rochester,0,0.4,63.3,74.6,69.6,64.0
Manhattan,0.4,0,95.5,27.4,28.9,66.7
Tarrytown,63.3,95.5,0,2.0,37.2,28.7
Watervliet,74.6,27.4,2.0,0,49.6,86.5
Seneca Falls,69.6,28.9,37.2,49.6,0,26.9
Rotterdam,64.0,66.7,28.7,86.5,26.9,0