CSV,Rotterdam,Crown Point,Potsdam,Cortland,Oneonta,Troy,Hyde Park,Flushing
Rotterdam,0,53.4,13.5,24.3,59.6,43.1,1.8,95.5
Crown Point,53.4,0,48.3,19.3,72.8,54.9,77.0,56.7
Potsdam,13.5,48.3,0,12.0,23.2,79.3,55.8,76.9
Cortland,24.3,19.3,12.0,0,35.0,45.3,28.1,50.8
Oneonta,59.6,72.8,23.2,35.0,0,75.9,48.5,79.4
Troy,43.1,54.9,79.3,45.3,75.9,0,31.3,19.0
Hyde Park,1.8,77.0,55.8,28.1,48.5,31.3,0,75.3
Flushing,95.5,56.7,76.9,50.8,79.4,19.0,75.3,0