CSV,Auburn,Ogdensburg,Oyster Bay,Hammondsport,Southampton,Geneva,New Windsor
Auburn,0,37.0,18.6,53.5,15.5,46.1,55.3
Ogdensburg,37.0,0,78.2,94.5,4.8,13.5,81.8
Oyster Bay,18.6,78.2,0,60.5,2.3,62.7,24.8
Hammondsport,53.5,94.5,60.5,0,78.9,61.3,94.7
Southampton,15.5,4.8,2.3,78.9,0,54.1,96.0
Geneva,46.1,13.5,62.7,61.3,54.1,0,6.6
New Windsor,55.3,81.8,24.8,94.7,96.0,6.6,0