CSV,Huntington,White Plains,Gloversville,Lockport,Amsterdam,Yonkers,Scarsdale,New Rochelle,East Hampton
Huntington,0,28.0,81.5,25.0,21.9,73.3,5.0,17.9,65.5
White Plains,28.0,0,9.7,81.3,21.5,65.9,34.9,51.0,13.7
Gloversville,81.5,9.7,0,71.1,97.6,45.7,20.1,69.4,2.2
Lockport,25.0,81.3,71.1,0,63.2,95.8,89.2,48.1,96.9
Amsterdam,21.9,21.5,97.6,63.2,0,87.2,30.2,5.6,1.5
Yonkers,73.3,65.9,45.7,95.8,87.2,0,24.6,14.8,46.2
Scarsdale,5.0,34.9,20.1,89.2,30.2,24.6,0,65.2,58.4
New Rochelle,17.9,51.0,69.4,48.1,5.6,14.8,65.2,0,8.2
East Hampton,65.5,13.7,2.2,96.9,1.5,46.2,58.4,8.2,0