CSV,Olean,East Aurora,Crown Point,Watertown,Cohoes,Levittown,Cortland
Olean,0,19.7,57.6,3.1,62.7,33.8,3.5
East Aurora,19.7,0,94.7,76.6,67.9,18.6,38.0
Crown Point,57.6,94.7,0,44.1,60.8,90.3,96.3
Watertown,3.1,76.6,44.1,0,57.9,65.8,48.0
Cohoes,62.7,67.9,60.8,57.9,0,19.2,22.5
Levittown,33.8,18.6,90.3,65.8,19.2,0,8.4
Cortland,3.5,38.0,96.3,48.0,22.5,8.4,0