CSV,White Plains,Crown Point,Southampton,Albany,Lockport,Palmyra,Herkimer,North Hempstead,Poughkeepsie
White Plains,0,45.0,86.9,91.1,15.0,61.1,69.9,65.9,65.0
Crown Point,45.0,0,57.1,7.4,82.7,23.7,56.0,75.7,9.0
Southampton,86.9,57.1,0,54.3,33.7,92.8,28.4,29.4,78.6
Albany,91.1,7.4,54.3,0,74.4,62.8,18.8,90.2,24.7
Lockport,15.0,82.7,33.7,74.4,0,40.4,82.9,45.9,41.2
Palmyra,61.1,23.7,92.8,62.8,40.4,0,12.3,66.2,49.5
Herkimer,69.9,56.0,28.4,18.8,82.9,12.3,0,60.5,99.1
North Hempstead,65.9,75.7,29.4,90.2,45.9,66.2,60.5,0,49.0
Poughkeepsie,65.0,9.0,78.6,24.7,41.2,49.5,99.1,49.0,0