CSV,Herkimer,Olean,Queens,Nyack,Kingston,Woodstock,Middletown
Herkimer,0,89.9,11.1,58.9,39.0,84.8,67.2
Olean,89.9,0,4.9,29.6,70.3,69.9,65.9
Queens,11.1,4.9,0,21.8,82.5,79.9,25.0
Nyack,58.9,29.6,21.8,0,19.2,13.8,2.5
Kingston,39.0,70.3,82.5,19.2,0,2.2,11.9
Woodstock,84.8,69.9,79.9,13.8,2.2,0,44.0
Middletown,67.2,65.9,25.0,2.5,11.9,44.0,0