CSV,Ogdensburg,Hammondsport,Staten Island,Watkins Glen,Flushing,Olean,Ticonderoga,Ossining
Ogdensburg,0,37.9,50.5,0.8,55.3,1.9,60.8,85.7
Hammondsport,37.9,0,72.9,82.8,13.7,72.3,79.0,67.4
Staten Island,50.5,72.9,0,69.4,30.7,33.9,84.8,67.8
Watkins Glen,0.8,82.8,69.4,0,89.0,84.4,7.8,84.7
Flushing,55.3,13.7,30.7,89.0,0,44.3,36.3,86.6
Olean,1.9,72.3,33.9,84.4,44.3,0,36.5,30.3
Ticonderoga,60.8,79.0,84.8,7.8,36.3,36.5,0,69.1
Ossining,85.7,67.4,67.8,84.7,86.6,30.3,69.1,0