CSV,Rye,Garden City,Utica,Hyde Park,Batavia,Tarrytown,Cooperstown,Saratoga Springs
Rye,0,74.6,84.5,93.7,87.8,51.4,72.1,83.7
Garden City,74.6,0,28.0,43.8,8.3,12.7,52.5,86.8
Utica,84.5,28.0,0,30.1,85.3,33.7,39.8,21.2
Hyde Park,93.7,43.8,30.1,0,46.0,54.3,20.1,69.9
Batavia,87.8,8.3,85.3,46.0,0,94.1,78.8,89.0
Tarrytown,51.4,12.7,33.7,54.3,94.1,0,68.0,24.6
Cooperstown,72.1,52.5,39.8,20.1,78.8,68.0,0,58.9
Saratoga Springs,83.7,86.8,21.2,69.9,89.0,24.6,58.9,0