CSV,Niagara Falls,Queens,West Seneca,New Rochelle,Rome,Elmira
Niagara Falls,0,34.2,30.6,3.4,74.4,17.3
Queens,34.2,0,13.0,22.9,57.5,34.4
West Seneca,30.6,13.0,0,37.4,67.1,51.0
New Rochelle,3.4,22.9,37.4,0,79.1,67.2
Rome,74.4,57.5,67.1,79.1,0,26.2
Elmira,17.3,34.4,51.0,67.2,26.2,0