CSV,Bronx,Corning,Massena,Tonawanda,Glens Falls,Batavia,Crown Point,Beacon
Bronx,0,55.6,0.7,59.8,20.4,56.0,77.5,76.0
Corning,55.6,0,7.9,96.6,63.5,6.3,4.7,43.6
Massena,0.7,7.9,0,25.3,34.1,37.1,5.0,27.6
Tonawanda,59.8,96.6,25.3,0,98.4,80.8,89.1,65.1
Glens Falls,20.4,63.5,34.1,98.4,0,67.6,4.5,5.4
Batavia,56.0,6.3,37.1,80.8,67.6,0,44.2,89.0
Crown Point,77.5,4.7,5.0,89.1,4.5,44.2,0,82.5
Beacon,76.0,43.6,27.6,65.1,5.4,89.0,82.5,0