CSV,Oneida,New Paltz,Oswego,Glens Falls,Cheektowaga,Coney Island,Newburgh,Stony Point,Ossining
Oneida,0,21.5,14.5,11.4,97.4,74.5,38.3,19.1,19.9
New Paltz,21.5,0,93.3,71.9,56.9,96.1,10.4,20.4,38.5
Oswego,14.5,93.3,0,98.5,86.0,28.4,20.6,8.4,91.0
Glens Falls,11.4,71.9,98.5,0,8.8,42.2,29.6,71.6,31.9
Cheektowaga,97.4,56.9,86.0,8.8,0,78.4,24.2,69.3,68.7
Coney Island,74.5,96.1,28.4,42.2,78.4,0,89.5,73.1,5.3
Newburgh,38.3,10.4,20.6,29.6,24.2,89.5,0,93.4,55.3
Stony Point,19.1,20.4,8.4,71.6,69.3,73.1,93.4,0,65.9
Ossining,19.9,38.5,91.0,31.9,68.7,5.3,55.3,65.9,0