CSV,Poughkeepsie,Middletown,Chautauqua,Manhattan,Batavia,Buffalo,Forest Hills
Poughkeepsie,0,14.6,49.4,89.9,63.5,59.1,40.7
Middletown,14.6,0,39.8,91.0,43.5,55.7,8.7
Chautauqua,49.4,39.8,0,13.7,92.9,68.0,74.4
Manhattan,89.9,91.0,13.7,0,7.4,31.8,96.7
Batavia,63.5,43.5,92.9,7.4,0,17.2,14.4
Buffalo,59.1,55.7,68.0,31.8,17.2,0,5.1
Forest Hills,40.7,8.7,74.4,96.7,14.4,5.1,0