CSV,Yonkers,Southampton,Hudson,Albany,Saranac Lake,Tarrytown,Ithaca,Watertown
Yonkers,0,13.0,15.2,29.4,21.6,44.7,86.6,13.2
Southampton,13.0,0,1.5,67.9,31.0,47.4,46.7,69.3
Hudson,15.2,1.5,0,16.2,39.3,24.4,94.7,39.9
Albany,29.4,67.9,16.2,0,21.4,68.6,78.3,59.0
Saranac Lake,21.6,31.0,39.3,21.4,0,89.0,38.9,12.0
Tarrytown,44.7,47.4,24.4,68.6,89.0,0,81.3,2.4
Ithaca,86.6,46.7,94.7,78.3,38.9,81.3,0,44.9
Watertown,13.2,69.3,39.9,59.0,12.0,2.4,44.9,0