CSV,Glens Falls,Flushing,Auburn,Lockport,New Rochelle,Massena
Glens Falls,0,24.4,65.2,22.1,8.6,2.4
Flushing,24.4,0,23.2,20.1,63.6,67.6
Auburn,65.2,23.2,0,31.1,23.6,13.4
Lockport,22.1,20.1,31.1,0,46.4,77.6
New Rochelle,8.6,63.6,23.6,46.4,0,78.8
Massena,2.4,67.6,13.4,77.6,78.8,0