CSV,Eastchester,New York City,Corning,Levittown,Lake Placid,Plattsburgh
Eastchester,0,37.2,90.4,47.0,37.8,33.7
New York City,37.2,0,40.8,94.5,20.3,0.9
Corning,90.4,40.8,0,86.0,67.8,92.4
Levittown,47.0,94.5,86.0,0,8.2,56.7
Lake Placid,37.8,20.3,67.8,8.2,0,58.2
Plattsburgh,33.7,0.9,92.4,56.7,58.2,0