CSV,Bronx,New Windsor,Oneonta,East Hampton,Tarrytown,Schenectady,Watkins Glen,Palmyra,Oswego
Bronx,0,86.0,10.0,61.4,35.2,98.0,72.1,49.4,19.5
New Windsor,86.0,0,35.8,11.7,3.8,60.7,46.2,83.0,75.1
Oneonta,10.0,35.8,0,25.6,65.9,10.7,95.4,40.0,62.4
East Hampton,61.4,11.7,25.6,0,7.5,39.9,79.6,56.5,58.3
Tarrytown,35.2,3.8,65.9,7.5,0,9.4,33.3,42.0,31.2
Schenectady,98.0,60.7,10.7,39.9,9.4,0,62.6,44.7,31.4
Watkins Glen,72.1,46.2,95.4,79.6,33.3,62.6,0,18.5,44.3
Palmyra,49.4,83.0,40.0,56.5,42.0,44.7,18.5,0,2.0
Oswego,19.5,75.1,62.4,58.3,31.2,31.4,44.3,2.0,0