CSV,Oyster Bay,Ithaca,Mamaroneck,Hyde Park,Brooklyn,Rotterdam,Crown Point,East Hampton,New Windsor
Oyster Bay,0,91.0,66.5,33.1,85.2,58.7,67.4,93.5,86.5
Ithaca,91.0,0,53.7,7.1,35.1,22.0,14.5,30.6,91.7
Mamaroneck,66.5,53.7,0,89.1,67.8,25.0,89.6,18.7,39.1
Hyde Park,33.1,7.1,89.1,0,30.5,84.3,96.4,41.8,59.1
Brooklyn,85.2,35.1,67.8,30.5,0,72.3,86.3,68.4,54.1
Rotterdam,58.7,22.0,25.0,84.3,72.3,0,59.9,55.5,58.5
Crown Point,67.4,14.5,89.6,96.4,86.3,59.9,0,74.0,35.7
East Hampton,93.5,30.6,18.7,41.8,68.4,55.5,74.0,0,61.9
New Windsor,86.5,91.7,39.1,59.1,54.1,58.5,35.7,61.9,0