CSV,Bronx,Watkins Glen,Gloversville,Mineola,Stony Brook,Ossining,Hudson
Bronx,0,26.9,50.9,13.8,58.2,42.8,93.6
Watkins Glen,26.9,0,7.4,40.6,76.9,64.3,94.3
Gloversville,50.9,7.4,0,97.3,87.8,28.9,1.3
Mineola,13.8,40.6,97.3,0,93.4,4.8,72.5
Stony Brook,58.2,76.9,87.8,93.4,0,49.5,12.8
Ossining,42.8,64.3,28.9,4.8,49.5,0,34.6
Hudson,93.6,94.3,1.3,72.5,12.8,34.6,0