CSV,Stony Point,Saratoga Springs,Hammondsport,Manhattan,Oneida,Harlem,Amsterdam,Niagara Falls,Cheektowaga
Stony Point,0,61.2,49.5,36.4,44.3,57.1,30.3,21.5,87.5
Saratoga Springs,61.2,0,4.4,76.6,47.5,49.8,81.4,44.2,10.6
Hammondsport,49.5,4.4,0,66.9,63.0,78.8,36.0,86.7,73.7
Manhattan,36.4,76.6,66.9,0,30.6,72.5,18.6,77.9,79.7
Oneida,44.3,47.5,63.0,30.6,0,38.1,80.4,53.9,13.2
Harlem,57.1,49.8,78.8,72.5,38.1,0,10.2,80.3,36.2
Amsterdam,30.3,81.4,36.0,18.6,80.4,10.2,0,43.6,51.1
Niagara Falls,21.5,44.2,86.7,77.9,53.9,80.3,43.6,0,5.0
Cheektowaga,87.5,10.6,73.7,79.7,13.2,36.2,51.1,5.0,0